7.47787141725397
8.31153497536584
7.68850013541189
8.11311493644259
6.8651148999386
7.0790745262081
8.92252243243771
8.35235486251042
8.15463181683232
5.78470749606698
8.52537478307881
7.71968751557773
5.93611886067626
7.61235055597429
8.74263493685806
9.64947830037653
7.33412248761688
9.93596260983705
5.88761619626231
8.57613737676731
5.82596385224158
5.99883252919052
9.89865173989114
7.9791540390101
5.63699490607102
9.82719608622259
6.19345799165855
7.46777885989322
7.85543321966533
5.28441770154689
5.51356751319931
5.84277452608129
7.6690348185132
7.57728028816067
8.60455530588204
8.28424631910166
9.8558965631343
5.23207361713305
6.56023228970024
8.0551589101208
8.01713528437402
9.29514742896285
5.23264295787629
8.47474393524823
8.81176409105869
7.29493337639069
7.24877824017069
7.25958523138913
5.89077417081356
5.34120316725791
7.07526497884927
6.82762160125124
8.7011127978243
6.50864168845052
7.92951672819734
7.86577764694904
7.83240289335502
9.55983063778489
6.32089440867841
5.53052342415624
7.09066678811426
8.9062457225933
6.86853601420512
6.64089292016052
9.55776552801403
9.57841844764342
8.88532768375508
8.36724471047214
7.37945540021913
7.38623776655855
5.82586545640039
7.36215984493489
8.2728107615868
7.6470138892032
6.23277746894447
6.74519810079358
5.51773168061475
6.25968882648798
4.93306992793233
4.15114820234346
9.22598224110767
8.46076360192612
8.28583907769389
8.25180643565716
8.678488094423
5.31500479616003
9.06403827860867
6.08658074383416
7.88182152200041
7.47108438513812
6.51707689559611
6.81524398443219
5.50051509453735
5.70537290569688
9.84169188552986
7.39571633946614
5.61394434131541
8.58093173372916
6.0017218966541
7.87346027786709
5.81803713558629
8.17384672388087
6.56770683375623
8.63945123776757
7.36108286661079
9.93185715834819
6.40552918156031
5.0310314965072
7.75661580941834
8.5930991987745
6.7841923418052
5.42863111889148
9.01654443088319
7.15602321665631
9.84714323545919
5.57569986557554
8.04063312985961
9.07232751484544
8.8733746506701
6.96102397461223
9.32530737558305
6.98507564042854
9.08816353345355
5.21778362007986
9.42379277573831
9.23588306998757
8.08225920193388
5.55432801509576
5.65043466956044
6.59645533509252
8.21117125560345
8.14375675372594
7.88848475318025
4.05858450329193
7.75398338662278
5.81314050258092
6.75515794639218
6.29427812639682
9.58192668803627
8.26441907654803
7.50905200298628
6.75385028645741
7.82496978462908
6.36673508986515
6.2319270654469
7.36843096027505
8.50183435491205
6.09540768899358
7.77759806128266
8.62061036444727
8.68946930780681
5.65753055115102
6.12800546296446
3.43364118131541
7.29247333616512
6.12538112145122
4.71629639354695
7.91192577044459
8.37932139429932
9.06119322349055
7.63032853205307
4.50771949805929
9.15474942150901
5.46024472507033
8.76498796252809
8.15221998364618
9.38999985813371
6.21215074489853
8.49980016554204
8.32398477454069
7.42453030330968
4.18243772448002
9.4683726816428
8.29866513160995
7.57939442535005
7.56753522528602
5.76187744959135
6.94869269052917
8.40654740434778
10.124381650255
9.5645613713094
8.13058424268598
8.5393158275752
5.82593107249576
5.96777213854855
7.72484428241694
9.47617774751422
6.25168136730524
8.61623711474318
5.93287721445017
9.94426344605803
5.93250023511649
8.48216609715408
9.36689822792833
6.0871996470289
8.7560651376695
4.36714527482626
9.38043554288547
8.83425148430161
8.07378691271546
8.15387844842478
7.36619825232573
9.72328425662451
8.26498653988019
5.8776503911022
6.41074077507247
8.61273366299566
6.91823008126436
8.20138210384935
7.23100999653781
8.72722308585569
5.59596946020832
7.11280177539764
7.10862384021256
9.25927138601742
5.81563463203613
5.25387710207677
5.79502425029678
7.11624916744088
6.63784858637562
5.77423569728696
7.00975773717209
6.90411998401102
7.06953364620391
7.77267708384707
7.77995385399953
6.64361485475844
9.27022427099437
6.98569306427957
8.45166178625945
5.83156086485758
9.2802769065852
8.4104675778316
8.7544028055274
5.5235157451738
7.92817402173508
6.41408412544761
6.41055745111661
6.86554190956088
7.72286867697392
6.4468555714804
8.23496469802677
9.5200249172066
6.49063066027875
5.59441013611379
9.08470609287646
6.82721587864157
6.05400068108531
8.567222210901
7.56710534670449
6.76943053893812
6.84089724274234
7.49388654137546
6.18961391326946
6.70094684646117
6.85577550015033
7.91489484446397
7.31210564119359
6.35440133928229
6.29337404525186
5.64661830806434
8.79247178960646
6.0324559651985
6.8199727091334
8.74314730580486
8.17058452291174
5.70486848401337
4.19124409904216
9.34046908140875
7.13136448186009
6.99822435484258
8.31368675004379
6.87190395335264
7.59205107156142
7.05350874556931
9.28382378547336
10.0075181342639
8.03429618689626
6.20201409300196
8.48393317399112
9.42260908428494
9.76940816105118
8.81797036100762
9.4305101440134
5.4899722390063
5.6910754250861
6.27598055966088
6.29237645432895
6.50062666855064
9.22890345443356
8.19223715507322
8.44108835079391
6.7053320618857
9.28408595712002
6.26132626654439
6.36378470468214
6.53066642648038
4.21059522747456
7.89968552598668
4.98039077402826
8.55110320009897
3.07343201684411
7.96274974015445
6.53508308023668
3.53570458345843
6.60150253886513
6.03132113862551
6.51759686539858
4.72670617214635
6.97992784376968
8.54184241833692
6.8455990891983
9.4536186457197
7.8294416730625
8.20941733482952
6.59552723063927
8.74334681731166
8.90614226760117
7.38637767769166
6.90489445962946
7.77292799578693
9.2757841993111
6.79381676800944
5.73188496257881
6.80203504943366
8.00184302956403
8.96075410835384
6.58891851152618
8.68051517585411
6.66434253834549
8.10326317481566
6.78154820248546
5.01767536482246
5.41736188336786
6.25807803257184
6.46244185367221
6.78556825409829
9.15657374824331
6.50781738156479
8.2122406110688
6.75474859018598
9.79607632536416
8.95565050113866
6.73942375498799
5.62605878973651
7.98167418370914
7.8268228385934
6.78033558533541
8.14515802291149
8.04532616606775
9.42577726217103
6.75347173310261
7.6083601438628
9.06700262069511
9.05876855802393
7.10460935206593
3.3735764711407
7.53795183472823
5.67490540452298
9.17934176540053
6.26722361268006
5.68085182889831
7.4992307131642
4.29734670179777
8.4365326631988
7.60419192726726
9.42206529113385
6.39388198771843
9.54650493226616
5.77524310170501
4.44847010224484
5.90032651923303
8.46637657472435
8.5822163302671
7.52209000935784
7.5194292365227
4.3114603325562
7.39124647982914
9.14721199598606
9.2091720305238
5.41803732932438
6.60546727662323
6.37873859811226
8.57396482662122
5.75258700719247
9.78283782081094
8.0884035279161
5.30978117509614
8.66952210018617
8.22590780021885
9.35383593030054
4.95798272263604
8.03161967172474
8.5779616900058
6.15990382213031
8.51876562473614
7.62390658064343
4.6164599907428
7.2993179400232
6.27357587313245
8.11354025754223
5.56536160429661
5.8045307443542
4.26033456582115
8.90863406562412
5.52834533469285
8.42595305030632
8.92635801731837
6.75143151210834
6.46307983726638
6.51564969333915
8.68978121362351
8.24192679702568
7.42596833884726
6.88652957957787
5.52064927096911
5.88592778658684
6.79439730319477
5.17827510380154
6.37613522041995
4.63262441661095
7.89379062973771
5.27182083369454
9.68087654286903
7.49277191646705
6.36207055545123
7.94208742842
6.92605296990867
6.56012238166907
8.95971996881365
4.70580148645893
6.71737243367584
6.67710714103015
6.47528735280073
8.23910163209209
8.61697102095402
7.68081810142555
6.54359561250779
6.25685839013262
10.2375401542557
6.77145728676321
6.10416498043617
8.15549165586573
9.6421193481936
10.1024115351736
9.75984950446929
8.80760429898862
8.32386421094975
6.88656317668079
6.00640548119956
8.8365273345595
7.07086869369029
8.61904662192459
9.24529195540698
7.47734654104685
9.53006416035298
7.31551558431491
7.95589294049641
4.21774397583846
8.35427692925681
6.1950143168452
6.93972778845316
7.27996960034493
6.73185276204691
7.75740339508438
9.20079760292202
4.56585579954598
7.52472785356592
8.7784261973267
7.97510691408083
7.88999565041988
5.8465136319117
6.5408410126134
9.60663951738356
8.30814220422839
8.65200511950879
5.74418281474249
9.33773358624662
7.69445454634679
6.2958164647446
9.17989048716173
9.06020661851854
9.72540049113486
6.50138769149697
6.01897063595205
7.56350382138601
8.05176900649558
2.67964588233335
9.18825955190992
8.11207864426736
7.4084740357179
7.41748487559696
6.34110632078113
8.64274282401422
6.51723198356071
7.57582801593284
7.81067599795486
7.39648600023246
9.42867073599091
8.76556145667188
8.34051806786257
5.09858275185029
7.24360732088117
6.93620063072046
8.62111651295698
4.9842669372334
6.74225410148607
6.99697419819386
6.39023558762105
8.32503462222394
5.50129225320767
7.04352210628872
5.622322007624
3.87305266917034
9.31749790626335
5.82550373900163
7.4058652094792
6.76614552486472
5.06741623847638
5.81772860896131
6.75096307525993
4.2342038377201
8.2665861600364
6.44075096031212
7.76700930184213
9.46878609639739
4.74636070186932
4.48911917270661
7.20471920983975
7.22115637150818
9.02057443415715
6.02940928320514
5.49315868197237
8.4520132745177
5.89912987689764
7.10504295104221
5.51845325524403
6.01946235980217
9.85606158843711
10.1625097302029
5.23905064363488
7.50651239329802
6.25122416923653
5.61135640114948
6.29621981411942
9.4090039433841
6.30027570211509
6.39966794541445
6.69711368002737
5.56168823613411
8.08195177275928
3.85244041508267
5.05370536377875
8.67703117352389
5.75627239404555
6.93574776652506
5.50667805041364
6.57477029154258
8.43781738265527
7.56146883870454
7.61642842446521
7.27135168109792
6.19655919280127
8.42144359291495
5.75373346933237
5.35982690256279
5.80900408621889
9.8213024997276
7.04446917131638
8.30646812272301
8.98835389552854
5.61495171675035
7.55082930621667
7.02159893779298
7.51267466315675
8.69486025115591
5.76151564427653
8.4040830093211
4.44740437730971
8.37896947627815
5.70602835330753
8.15682335620654
7.04944434056444
7.62891333505584
3.2563369958613
8.88792636565744
6.35232286877544
9.10701080990528
8.59446554491781
6.86527038520168
9.3629273383371
8.62273326684876
9.75619761001604
9.7923058056257
6.00886363476498
7.70217557746122
7.83580281367801
8.74521792221728
6.45851083934529
6.79329464941602
6.34237847822985
8.45862823942088
8.65616291969195
6.37665794799556
8.0412050599432
5.25015554084514
7.53112942009971
8.24304304477678
7.41342954818813
6.21006996465431
9.67234979716345
9.7079845240255
7.69503964049271
7.09091361523771
8.63290793584159
8.65922802774683
6.62640381751469
8.93283031949597
6.68582110153433
9.01054943633057
8.16325775520184
5.89905534805125
7.6416546724834
5.90947614686234
5.52655710255288
8.55341805241417
6.7312848866844
6.77287094393206
6.48773334360826
9.00839686378481
6.87528063732414
8.82116026527924
8.3199589524874
8.97624131739604
7.19247970965814
6.49234421340777
6.46772408489327
4.35450211880484
7.88963782174868
6.10917200785035
8.44042726849297
5.95116804395781
8.55834843260118
9.0745870926756
6.89221975828182
6.36175068540132
9.26182296579521
8.43636771314566
8.24902716767482
4.96045455190746
9.04504628157526
8.15944858325059
5.96385478656792
6.64994423966617
6.76213374594032
7.65738292359795
8.49180315971747
6.84760400990523
9.87773310063676
6.51148516463952
8.34874082186189
7.0081796481575
5.30991358240905
5.89021283630256
8.24272812366779
6.74795647088788
8.69924009061253
6.90780131845117
6.41233374943651
7.40122217109121
6.43202889534712
6.00924468518854
9.62955331791664
6.61010986879818
9.59169189959968
9.7797178290652
5.83546489706004
7.00880532422822
6.33228231601897
7.1077822736258
6.52233948700181
9.07266929304658
8.96728646605698
7.02335273683625
4.29813803947795
7.15831065807419
6.80134889405592
5.67547048709774
9.07500789756159
8.6059553489182
7.92651258793293
6.25265725793729
7.94104965333818
5.19907300858869
5.70288224166152
5.73878351369394
8.46049440934843
5.74937523543228
6.98614893449092
8.1731367784186
7.8508550337096
9.49954201761655
6.2669015749376
8.57233830352579
6.29337187967481
6.11724158780144
9.37454453101135
5.56568008237189
6.57344757043356
8.42441708098947
6.04668011493791
8.34132952202861
8.26307735510541
7.8477842476254
6.37919655486216
8.12387932779721
5.89704386981136
7.58241988084978
6.21311349756577
8.03824742301685
5.668201914892
6.95382406425946
8.71847560087997
6.54962078181104
9.17237964635243
5.40448113056029
5.94794007158826
4.69143055631282
6.84441157538757
7.09467629836559
6.98127679470461
9.17539290958107
8.34488795391745
7.59435741180233
7.66065530308462
8.96912273522542
7.56770432988315
5.80652187901974
7.52445198945822
8.75808815852869
5.46615295072304
7.73126391716942
5.7657179449047
4.68266685770112
6.47571447834606
6.14049259194252
6.55721363440357
5.55106769059748
9.0914996663734
5.64377926104849
6.99786928667031
9.52816388089087
6.24925194211713
5.93735455931545
8.63962785181655
9.48620563247805
5.96263504561877
8.44832292258626
6.94288110308253
7.30218121911618
9.49840189319173
9.46212423144935
7.90696607504319
9.66158822319665
7.52028093750875
7.87873317871215
9.13651696965566
9.62981696514126
7.27554780779022
6.14982205882011
8.02887835027918
8.30535310393889
7.55874051353173
5.20676297456178
6.17546491327147
9.2953968383279
9.9149250681726
7.02323309033605
9.31206039917082
7.00738655376416
7.77654536777477
8.91453812246892
6.83978668045296
9.02580728863958
8.05672259622249
5.83926648106434
8.32456979469588
6.22849398782991
8.35906014223887
6.20329628049859
8.63239562523768
6.43309481188295
5.70002386290974
8.05979842323017
4.96919753862686
8.56983150180607
5.90268006857477
9.54964353924928
6.33533644467633
9.34022654869343
6.00727466495406
6.97765546852811
9.37128808177456
9.37004502135469
7.6809143329486
7.12260765221889
8.20187720629035
9.05775989848289
9.80306473470175
7.54269167307806
9.70937428172853
9.42339510427121
7.14433979291725
6.18206824300466
7.8220219876381
6.20267630465533
7.27731564885479
6.82281134310333
8.53678742123308
7.82490296554194
7.18610650903268
7.94960177903556
6.26297200296365
8.14682682350018
9.36909721817383
9.67903648944655
9.51568601233154
9.37744010379315
7.56020128954645
8.38597389472489
6.62039177077639
5.86300319541332
7.39339390904832
9.00961333616813
7.0237030849222
5.56943682424547
8.25195256314544
6.38231839162902
5.3776080989694
9.01639330340476
6.10759342791702
7.49769539189067
6.09530559042507
6.93246273322774
7.51944144618276
8.52017325134195
5.02950387659798
6.02987455342514
5.39356677412965
7.02005357176407
7.98910250289798
6.10550618155342
6.29121436487855
7.9833975810523
7.32291848512193
9.08786741446334
9.08095719178422
7.26904326386395
7.15451251159899
6.13484791924979
5.55863120452031
6.42402257784666
9.53464169209935
7.98646861480526
7.61665642901705
7.89301359935507
7.16634466615409
9.16464493555085
8.69421802438153
8.14860741802638
6.48812041964737
7.18889599392726
9.51785240109492
6.57130102507484
8.15816473469016
8.37485093536595
8.94207789038692
8.48183392448445
8.97868071458465
8.48278393948671
6.37842752872503
8.10088691480543
6.68638917321005
8.17334019178969
6.93220110573882
4.95307911856888
9.65577314664352
8.47277036851732
6.70667311608821
7.18737847906689
7.81983303991509
6.29262356210356
6.62626019754605
6.57491043422841
5.57010777611452
8.81928569117527
7.51687937268516
6.14263473007205
10.0050611517136
8.4193487860962
8.91175676851478
7.50922454148455
5.46419145044893
6.92686510165804
5.71552166014398
9.69872990082516
6.41792606211135
7.71591186273337
8.19820635547581
9.68684478295954
7.03848024187686
5.45211075110006
7.89117024848151
7.49590473864116
7.80144186052468
8.1797136226843
8.07037462485639
8.92663080775462
8.92023250942351
7.84767758511212
6.45180113962813
8.6963460084168
8.97345335099129
6.67704291265116
8.48416805687728
5.65053020455466
10.2691649397885
5.24164805513555
5.97685372410456
7.1580349196643
5.30100518398821
6.66557480628434
6.09206086521112
4.75533927552595
8.62391169009101
5.56590020685375
7.33063923828793
6.69297382061252
6.51451035003665
9.15643042009172
8.89776371432978
5.54526123900057
7.07446715229126
9.68561243435206
8.30949514653802
7.67492671889209
8.60829463236533
9.42678188076184
7.81394786047929
9.63121432639294
9.36802236285845
5.77120994127153
5.4971587533067
8.63768082465744
6.32830502356502
6.36518024403774
6.52193386071222
6.16114605322104
8.95968397767214
6.99459116063655
7.37008671736292
6.45105513450399
5.68097975239705
6.60793179443038
7.98765941945863
8.6110313613233
4.51344077564106
7.45134560041769
6.24520663760765
8.82498096387931
6.440567820764
7.50030148678729
9.88807158046507
7.45133806901263
9.45327355243208
6.07095230337296
6.31150038606322
5.78945043706345
7.16972456487548
5.3119267132983
6.78557846331768
5.19031485914634
5.78785406705599
8.1394527943341
8.97375297672355
6.42559112565645
7.1733870754797
7.5759603692839
8.02467188324794
7.29151156581837
7.50601293785333
7.55833061344945
7.46922226155204
8.54268076415184
5.51379032524535
6.4779992665919
8.41257809503829
7.13357329422417
8.77549430905986
6.46196247718527
7.01316960119191
7.00733724678902
7.50860396778387
10.0612408983677
8.62552266681006
5.64671404190035
5.63141990339461
8.66809313515824
9.46161401238325
3.87438773747788
7.74824341448989
8.78505251132952
7.16740319986474
6.73514804129553
6.01801150235603
6.77858603782408
7.83944424129117
9.57984163644479
7.31524334681136
7.21705907036177
8.33257357372243
8.85349115771524
6.78576610363792
6.03024915943599
7.83022089621804
6.47562800463671
9.18538025317761
7.15780306109213
9.485176343579
8.45705529064541
8.43853918599799
5.77759751279337
6.02383217773813
6.4204372187913
5.82467998044375
8.62880127808025
8.81157249110947
6.83778759271092
8.8972675022933
5.31261771504696
5.17854910023545
6.63067027234902
5.86457109103989
7.79026614895897
5.87034037265998
8.63996928300934
8.57121168463594
9.89742979712272
9.29359926712161
8.73756577674882
6.18371494597753
5.59574673418512
6.33690213108302
9.15353930198437
6.64517677266664
6.824856323891
6.06360972126981
6.99183288221456
6.77848025349606
5.64306057046571
7.6568807439818
5.43929554881275
6.83788039541458
9.20572010347419
8.47728661702562
9.2774179610544
7.31151885978713
7.91291556642678
10.0231282958847
6.31743435145535
7.09905027878201
7.06657650189979
7.3868809324841
6.56700307691082
6.53858203582241
4.02189243323795
6.91895134063331
9.14461274437451
4.53235193571979
6.69446164103448
7.76937649407937
6.18850772225688
6.48379206025489
6.3113276768344
9.17631788214756
5.78006251019614
6.15652355110344
5.51983481211747
6.3906886105544
8.56673557649512
8.44231368360555
6.37688873545235
5.68034435862008
7.31989774832022
5.85424181724696
9.34323893916698
7.3206038398609
5.58254092116986
8.17717480131874
6.08209493472675
6.72571080891629
8.7032166438107
6.02844742681427
7.02838970072819
8.14494823703246
8.44701767012454
7.53924422652976
8.27542128084532
7.60273055569743
8.67756527296911
6.66908763270699
7.85255008126136
9.80647251464421
9.12654269794605
6.76678746717593
7.65706946792507
6.50817851905148
3.07264210658352
5.97581819428605
8.76017566222232
7.63412059338675
9.82216970427662
7.62331114136086
6.58233332815346
9.28788062269961
9.36031407757519
9.13320840527583
6.08340289714128
8.31785367375664
7.13765750433834
10.0825627886394
6.90674627265542
6.45618244332497
8.20409122672689
8.69945277288519
9.22737060189133
8.36528937753034
6.54242331707315
5.73866044886722
5.53595737624788
6.87796840938851
8.02671001784549
6.55723519731349
5.53725458535816
5.60685840853434
8.24906738527532
5.12178995705417
5.74690036087587
6.18135114985869
9.55019814416818
5.63413889397616
6.58498719129276
5.57251866502595
5.69671677759449
9.31679240050017
7.34271327419859
6.42828771311406
8.03895008627798
9.13301907912951
7.85416155251745
5.54680239630217
5.4449271643393
8.73027326588118
5.31838928564118
7.31942979488423
6.5453298252166
5.56227749457722
7.88822241018849
4.9816081861613
8.51079918067352
9.3198715128798
6.85369725950686
7.24868902092586
5.93346992450775
4.93742420593984
9.32019478909844
7.7483758546398
6.45499177713973
4.87227639869598
8.63959652029608
9.57829165101999
8.55868388139231
6.48631668201491
6.26403015677451
6.27929182093652
7.70119244615474
7.27074675872115
6.44568222153987
7.70647262500114
7.71307444175512
9.71243759638264
5.21602113829099
6.03292785402642
6.02172394428328
6.06510390818456
6.74645106697384
7.35262796085375
6.14479385756066
6.42157839512522
7.56588130976448
9.483498103558
5.7604528386969
7.74898099918633
9.84034137975168
6.65246002557509
9.69445067997918
9.12829533065748
4.03289028330994
8.32296155700872
6.29163373000689
8.26856557158097
8.36085896629444
8.09200692588269
9.22392208809193
5.82733312854295
8.92091976182237
6.8344268641781
9.44263377984152
9.12454197986175
7.91137015676956
6.18308168447858
8.97341047681418
6.97141799945503
6.3330277782287
5.85719213368163
8.09756385406501
8.91344552656649
5.32439726107749
6.1700928013576
8.63280198261318
8.11897569069015
6.34025942611651
6.21883928562687
6.0590247975644
5.86477056424859
8.07244992975592
8.390387313874
6.90764559642894
9.43655709330648
7.17268467350041
9.62348000524696
5.52517014543131
6.66003231986763
6.4428351835464
5.54087462991052
5.93522476169595
9.81217717771283
5.05045601255514
5.86291309680825
5.92618523315899
6.27385087083284
8.45163385522898
7.44128748413931
9.66854930733816
5.29139667475965
8.32900987793749
8.15497004363667
8.43902614806345
7.70835156747073
5.34030533109503
5.58359284883345
6.75597299365474
8.41860605953145
7.70655130335969
7.98441708751569
7.08468099496401
7.60901430561939
5.89544856382423
5.92857671915228
6.72343267025404
8.98223247768927
9.04340944383823
5.5485845701942
6.59128529019702
6.30791706687863
5.38241948234835
6.9321184353133
5.61106561765423
7.86593863655617
8.94891994846442
7.22877733046409
8.79786412086635
9.00454736649134
7.87251301560886
8.94130168250281
8.16064857105768
8.52814119049324
9.34367967641656
4.33751314768397
6.97154593974191
6.09208236666788
7.16356214007162
9.96555005739718
5.97213900516891
8.68780218776095
8.52736875145235
5.67165730092517
7.57643357509516
6.92623994277405
8.35992070153948
5.97022321492014
6.29961624614295
9.15915552678858
5.47164825987844
5.38604812629232
6.95607534129519
5.87400011479605
6.03132456410709
7.74103846922328
7.10950583421914
9.44908843810506
7.62012116721436
9.36328359098742
8.31003349179204
6.92150682989902
6.91124488162409
7.88616330394131
5.9257255591916
8.97195792594354
7.73521693318773
6.64887778734032
9.63902390572369
4.63810477191256
5.12000798754467
7.32919184910199
7.0271245824222
5.70294999759462
7.4495723161715
6.81017074397723
9.1899222395404
8.36452643005225
6.75103117373323
5.2969933298765
8.96799044121724
8.2001924580215
6.47418028091362
6.2593841165406
8.12960188766516
9.24064684874436
6.91481726507971
8.23430279670174
6.3692605087673
9.55295270127824
9.02891101372289
7.15855515277286
8.28008419973682
6.12309325246925
9.08642261709999
6.87265992506864
7.79260469146307
8.01380328622131
6.28381676688789
6.86590586200275
8.18959641937801
8.37371250468001
8.75475784848226
8.58613280564236
7.12224713355612
6.84430309610491
9.18251275210767
7.24326105629005
8.00916276098874
5.7196335804606
6.45529588591822
8.40934125976659
8.49786493748438
9.09286149269141
6.42374145993896
7.41751344740148
8.51593875000122
8.16760059783808
9.74024911924182
8.43349783131938
7.12338985826897
6.85020813432879
5.97209085455256
6.58320786738547
8.94476784314747
7.83499659850242
6.88888880440155
6.66669222946699
9.08160771190734
6.11393228909602
9.13509817557713
5.88078106889009
7.43921551654035
6.7593324459617
8.75294159986283
8.24790036958909
7.64763830854392
6.54848764077069
8.38380614978137
5.97476982187831
5.94115927984263
4.37141472710336
5.5617023107383
6.86968075819095
9.5089594606483
7.64237228934782
9.31672776669968
7.6044265216344
8.1525273570204
7.17484114740247
8.39311473252597
7.10514047082754
5.56018340456445
6.98085033378782
9.08890982330887
6.68156958382513
6.33679306752322
5.73901984724862
7.3511218141274
8.22007339880525
8.11065063343272
9.559494305269
8.13128970198562
5.60159980167605
6.03546785852973
7.27313399478387
6.38676601646783
7.95103934050319
8.53459317238162
6.27862077265261
9.40595241536341
10.4851300005804
6.33859605767775
6.71913806173584
9.98848662109674
6.17687051536098
7.28042690967718
6.72615569044279
8.14074288394404
9.2678784705326
7.23601797678613
7.61965598434821
7.40244135211544
6.91362411022973
8.18842863251816
7.21415462531501
9.18969822608885
4.90964834130109
7.60158526971785
7.30260583759258
7.68203208902819
5.90390514504542
8.67593034944463
6.44936823564917
8.08465331500393
8.47985793378039
9.44636931049659
6.58593517535128
4.71474852990106
7.56878457681925
5.40444067372072
7.22697741514162
6.44499682211114
9.65690866187355
6.23797607668295
6.47056172616437
8.9418649383751
5.9354992603585
9.81792558826653
8.61250629723974
6.79868784109065
6.48832730609247
9.62711727930046
8.81074234088939
6.06709253166488
6.19388421902023
7.6411205332929
7.34306280505767
8.87008832465576
7.72364556721749
9.42758289791805
7.96529655463244
8.28279754255276
6.04190724113155
8.03419037383751
9.45849322842753
8.31607771803743
5.89222642156143
6.40132477182178
6.8076424812739
7.42533166119511
7.23660633006096
7.66121323144559
5.58180898292113
8.19196114582307
8.85934008350854
8.83521308008685
7.18931704216193
10.2889348127701
7.21840426654405
7.34097056106353
7.67749645898353
6.59923390508956
9.89458320920795
8.25354444615128
7.50567408552424
5.98448605314235
8.1178669371774
6.55051309523365
9.1069932197427
10.0734756376576
8.01041038813256
6.19337357185464
5.25875405824513
6.56117501907098
6.06805435275871
7.04693206412365
8.68801281426062
7.4461297493725
6.04878347464818
6.0221556038326
6.8621403104488
6.77675852161834
5.63283428602766
7.71679894089275
8.30804165107782
6.60426436980395
6.85948787758488
9.4904072491417
10.3449196727863
7.14071744071145
8.70378332391465
6.05928360221835
6.55382380786461
6.63323326870353
8.95184783103885
8.18552931835861
5.14175026003476
7.56911120285202
7.87778448717872
6.34070506856321
6.74472504317272
9.08832753585256
6.90015453193409
8.62729332508794
9.3757321028561
7.74915757839927
5.9643548471273
10.0368199534817
8.32861605751371
6.3208463926432
6.57050526404656
9.06130080578518
6.75164413566777
8.52402929809751
8.26008272651753
6.004673378845
8.63121884971818
6.55303198204322
5.7665817841916
7.8310145032174
7.993125438657
5.68887010400336
9.31167441110185
9.70903599068048
5.63079369228602
6.99639679739447
9.74095304840486
6.29562064161163
8.1166800913388
7.24987861440331
8.06578035466933
8.68082904428182
7.66001615134002
9.48795244266524
7.91266425695561
8.57318202999934
7.68767307703225
7.53937168310121
8.2177611741285
7.58165453717981
5.92092186615711
8.26441931711246
6.47255381635714
7.85875115261726
8.41578206851084
8.67274151837824
9.19791461578228
6.32850811196515
6.77169343928286
10.1977419056718
6.10415548239515
4.98278340277958
7.46790202302391
9.27436946112928
6.01799547742848
7.13613162202146
9.8097360452813
6.88984397066028
5.54629312898531
9.08105121818455
4.84149141906405
9.2330507014789
8.56069224200264
7.02545293314797
7.39798298342203
7.87057171862454
5.68890984726801
7.04675744685689
5.44863482349761
5.88627661815703
8.20806253224633
8.54113949422985
9.9261314746634
8.8049116919607
8.54827377008475
5.96262175647754
5.40116453492456
7.54433611215961
5.94086114986296
8.30347856236006
5.92673843918082
8.39560233694444
6.74298339254084
9.84685287856647
7.0744319925067
6.17454184927865
6.99954954881766
9.61097366675
5.8700222183018
6.20001524132953
8.33898045732031
4.5773156073705
6.46437337364768
7.37847140727298
5.86776839220459
6.94671596620108
8.44948660632477
6.81280925275287
8.77969149315766
9.55084272765955
6.2625689593474
5.90997556593237
8.1107632913787
8.24381572822295
7.72437660198835
6.58306786901746
7.34615217938024
6.03898108239679
8.01786470119349
7.2476933439077
9.20902152279619
6.24126798650645
7.08907426074986
8.64420110240119
7.22165676679881
6.83320709501076
5.53002526999994
8.47132330029786
8.06935502023761
5.80796616467286
8.83185125973169
9.72724812724786
10.2880075719898
7.52300147992202
5.74266818265462
8.77165396047985
7.95318195576219
6.12739761705788
6.72077969507303
7.72557856740518
8.77328256690683
7.89775518915395
8.73899291526132
6.69351030291987
8.751964592386
6.57038198953223
6.96985896023258
9.19940810623344
7.89665800614826
7.68162429412515
5.57639038362694
5.99840518090387
5.11328654694779
8.36249408405366
7.09012012504432
7.30579863572445
7.50016688576228
6.15975361855014
9.41582433415464
6.93827518586097
9.31259758608416
6.49237202820615
7.85475349761548
6.47166134971625
5.5401626112989
10.2070585335658
9.16055616195629
8.03408549198197
9.29893802621871
7.11943049955243
9.27999411785735
7.85600275165236
7.99935629456207
8.75873811626812
9.33673436084913
8.2358668868139
9.10578185957116
7.21326709837472
6.6570378297427
7.81718241612572
5.74802332575116
6.558049858974
7.22267704041792
9.55906503287072
8.57186025685874
8.61233902706646
7.18659107551304
6.62368781074578
5.6304136878324
6.56890155811658
7.50369575889012
5.84066582737959
8.22296373304329
7.74091939635389
6.78534355277746
5.45584800238005
7.85020105671394
7.18577523807688
8.1204745244368
9.65605048410545
3.67513562949724
5.94325252154931
7.21736016104598
8.40124386160178
6.79477239583743
7.19254492933284
8.81346537905899
8.41356774336096
7.83427957040121
4.88191028983383
9.90310949793849
5.95099222176834
9.03889467597246
6.36362394430208
6.95828973415608
4.31259382137209
5.91869772862618
6.82397405420873
6.59747008173829
8.65962391634749
4.48606164004514
8.45898214462175
9.99359297979721
4.65514533500283
6.70039333081338
7.71266132755306
5.52675032350576
8.64661617112506
7.81957980501159
8.50456909828335
6.66099641050214
8.7349150219587
5.54947183656269
8.15709176003553
8.72244651436553
9.5674668629178
7.08507500226318
8.78102051991688
7.47895245108279
6.93522589583136
8.33697614650551
6.7598311486252
8.48921501021033
7.36628405727047
7.67821921895706
4.96587286495361
8.90625160034058
8.00554576751822
8.97043032600645
6.93302845273006
9.27979076855984
9.35317108051966
5.19373135312178
7.14836757207856
7.01921929991874
6.12049873208724
7.53218839042519
6.29079146580908
8.58141414319104
6.85050301124969
7.60648197979986
6.28052481476898
6.51609292069787
6.52404400935403
7.69122005023145
7.97154889720694
10.3065619103124
9.23110533840081
6.13250969699297
6.99591323703147
5.52218700990838
6.30106869168065
9.46339247555301
9.08973011988394
7.14695195198786
5.73145334040468
9.54099992271876
7.18043615034959
8.01885594915848
6.51823045914853
6.85138289462475
6.28352626161182
6.78361225968653
9.03339116322544
8.38590061096958
9.2271350577619
5.67620392715421
3.39664605760143
6.88227444477613
6.8724955116973
7.51466938397786
8.44100921957878
5.6880150384653
7.65848051292272
8.1023536037446
6.34573028169214
8.8663726023208
6.14623633001829
4.13311060696743
6.32429918929418
7.88081471688268
8.99627995018918
5.79056943139744
8.84512872838742
5.593621153514
9.05454932312747
5.73468740966909
8.03362086048152
8.13868688301782
6.72961510763138
8.73715483665584
7.47800699542572
9.69637944487212
5.84037289555592
6.7353391297981
5.2264848067212
6.50063332813031
6.12322901408402
6.79963176473068
6.54516778645021
8.47273803783646
5.55656777635883
9.21324941472239
7.49182477787779
8.12411815590466
5.66896624195776
7.51124027213129
7.53406381179265
6.23723842672823
9.53467287779225
7.57866990489642
4.96595608298445
6.9071520809814
5.25723328349
4.86262581280059
9.28208498294434
6.41894375231696
7.03124233375987
6.9944953677381
8.0319268394202
8.81317438495265
6.45485148466707
5.39530974748546
9.27807587105335
9.71432421573175
8.71633782684446
7.79064263746241
8.33914677500421
6.66239716034941
6.3526909619465
9.87925520325387
4.73629285237482
6.82569293063359
8.81306209122427
7.74839970933854
7.07793112538415
10.131455767215
8.67739925654642
7.42939088166603
8.36970715994233
7.74716347065394
5.41541767664098
8.48371901775016
7.19232059553936
9.93794671544102
5.63166410116054
6.01767141065501
8.22788545279502
8.39750035827837
5.63348309630808
9.37834929468905
7.47737359886091
5.77829295708249
5.48256446103911
5.85725468937094
7.8185604755598
5.66434265491324
5.70249973361179
6.8222207046879
10.2414921510862
5.96594845704106
6.75820277896141
6.57161986547959
7.83199618331569
8.66875959658031
6.8225795949942
5.49414390307074
6.43052815732574
6.13910993136867
6.13026993434135
6.6622521843759
8.25892966677042
6.34282536951276
6.65624726389978
9.26262025009019
7.37377882634905
7.89419087595336
7.60687703041916
7.7154796290714
8.52734888911453
9.74928621525615
6.39509225915691
5.73534859552438
5.59579188498539
6.63516917227552
6.27971526374983
9.75984132151836
8.04691010841592
9.36469142631086
9.0374204443293
9.47593797579454
8.79632153443833
8.40261219919033
6.69554745938126
5.89267703523425
6.64779329505426
7.33059729234397
6.72646048255851
8.54041896869362
9.95387229776866
7.42317208191058
6.41061762675866
